%YAML:1.0
---
# Face tracker type: 0(Unknown) 1(ASM) 2(MT)
TrackerType: 1
ImageSize: [ 4096, 2048 ]
# Face feature points in image space. Invalid points have zero coordinates
Point2f: !!opencv-matrix
   rows: 1
   cols: 77
   dt: "2f"
   data: [ 1.55496301e+03, 6.45688904e+02, 1.55780750e+03,
       7.93600037e+02, 1.57629639e+03, 9.24444458e+02, 1.61896301e+03,
       1.07804443e+03, 1.74127417e+03, 1.26293335e+03, 1920.,
       1.39093335e+03, 2.06222217e+03, 1.43075562e+03, 2.20728906e+03,
       1.41937781e+03, 2.38127417e+03, 1.32551111e+03, 2.50358521e+03,
       1.12355554e+03, 2.54625195e+03, 9.67111145e+02, 2.56474097e+03,
       8.16355591e+02, 2.56758521e+03, 6.54222229e+02, 2.32391113e+03,
       1.99111115e+02, 2.10488892e+03, 1.56444443e+02, 1.87733337e+03,
       1.96266678e+02, 1.87164453e+03, 4.83555573e+02, 1.77208899e+03,
       4.77866669e+02, 1.69244446e+03, 5.51822266e+02, 1.77777783e+03,
       5.34755554e+02, 1.86880005e+03, 5.40444458e+02, 1.96835559e+03,
       5.40444458e+02, 2.15893335e+03, 5.37600037e+02, 2.25848901e+03,
       4.83555573e+02, 2.36942236e+03, 4.83555573e+02, 2.46613330e+03,
       5.51822266e+02, 2.36373340e+03, 5.37600037e+02, 2.26417773e+03,
       5.40444458e+02, 2.29831128e+03, 5.88799988e+02, 1.84888892e+03,
       5.88799988e+02, 1.93422229e+03, 6.51377808e+02, 1.89155554e+03,
       6.25777771e+02, 1.84888892e+03, 6.14400024e+02, 1.81191113e+03,
       6.25777771e+02, 1.77208899e+03, 6.57066711e+02, 1.81191113e+03,
       6.74133362e+02, 1.85173340e+03, 6.82666687e+02, 1.89440002e+03,
       6.74133362e+02, 1.84888892e+03, 6.45688904e+02, 2.29262231e+03,
       6.45688904e+02, 2.21297778e+03, 6.54222229e+02, 2.25564453e+03,
       6.25777771e+02, 2.29831128e+03, 6.17244446e+02, 2.34097778e+03,
       6.28622253e+02, 2.38080005e+03, 6.57066711e+02, 2.33813330e+03,
       6.79822266e+02, 2.29546680e+03, 6.88355591e+02, 2.25280005e+03,
       6.76977783e+02, 2.13617773e+03, 7.79377808e+02, 2.06791113e+03,
       7.76533325e+02, 1.99964453e+03, 7.70844482e+02, 1.99680005e+03,
       8.93155579e+02, 2.05368896e+03, 8.41955566e+02, 2.12480005e+03,
       8.93155579e+02, 2.20160010e+03, 8.67555603e+02, 2.16177783e+03,
       9.30133362e+02, 2.06222217e+03, 9.32977783e+02, 1.97688892e+03,
       9.27288940e+02, 1.93991113e+03, 8.64711121e+02, 1.95128894e+03,
       1.10364453e+03, 1.98542224e+03, 1.04106665e+03, 2.03093335e+03,
       1.01546667e+03, 2.06506665e+03, 1.02115558e+03, 2.10204443e+03,
       1.01831116e+03, 2.15893335e+03, 1.04675562e+03, 2.21297778e+03,
       1.11502222e+03, 2.13048901e+03, 1.08088892e+03, 2.06791113e+03,
       1.07235559e+03, 2.01102222e+03, 1.07520007e+03, 2.01102222e+03,
       1.08373340e+03, 2.06506665e+03, 1.09511108e+03, 2.12764453e+03,
       1.08942224e+03, 2.17315552e+03, 1.14346667e+03, 2.12195557e+03,
       1152., 2.06506665e+03, 1152., 2.01671118e+03, 1.14346667e+03,
       1.97688892e+03, 1.12924451e+03 ]
# Face feature points in 3d object space. Invalid points have zero coordinates
Point3f: !!opencv-matrix
   rows: 1
   cols: 77
   dt: "3f"
   data: [ -5.24425812e+01, 4.45624847e+01, 3.14749355e+01,
       -5.63798790e+01, 2.39184361e+01, 3.36735458e+01, -5.44159584e+01,
       6.00296688e+00, 3.27959213e+01, -4.81117630e+01, -1.49178190e+01,
       3.08663216e+01, -3.36153336e+01, -4.04778404e+01, 3.16188793e+01,
       -8.76735878e+00, -5.51643105e+01, 7.63416529e+00, 9.28222835e-01,
       -6.03808975e+01, 5.44550753e+00, 9.61639404e+00, -5.83530502e+01,
       1.69403827e+00, 3.09649925e+01, -4.76418724e+01, 1.97626038e+01,
       5.06440811e+01, -2.08542633e+01, 2.81581993e+01, 5.69616699e+01,
       4.78763759e-01, 2.99213486e+01, 6.05680695e+01, 2.09024830e+01,
       3.27082748e+01, 5.57923317e+01, 4.35357704e+01, 3.02637291e+01,
       2.78262024e+01, 1.04409050e+02, 4.50555840e+01, 5.31562948e+00,
       1.10322479e+02, 4.47601013e+01, -1.81923904e+01, 1.04048836e+02,
       5.11804085e+01, -2.30920677e+01, 6.31903954e+01, 6.16514359e+01,
       -3.42909164e+01, 6.48330536e+01, 5.46551857e+01, -4.33435059e+01,
       5.53695068e+01, 4.87628250e+01, -3.46080246e+01, 5.68049469e+01,
       5.62181473e+01, -2.32543030e+01, 5.55697784e+01, 5.98958664e+01,
       -1.04551706e+01, 5.52410927e+01, 6.25727501e+01, 1.45826864e+01,
       5.56617203e+01, 6.23379517e+01, 2.74785805e+01, 6.33296242e+01,
       6.05174637e+01, 3.98203850e+01, 6.43064728e+01, 5.25617256e+01,
       4.91882668e+01, 5.60467033e+01, 4.32474289e+01, 4.00661240e+01,
       5.67235794e+01, 5.36898575e+01, 2.79923477e+01, 5.57108803e+01,
       5.87466393e+01, 3.26469650e+01, 4.92089577e+01, 5.74529953e+01,
       -2.55118809e+01, 4.91956482e+01, 5.75614662e+01, -1.36157532e+01,
       4.11541138e+01, 5.28517761e+01, -1.92335415e+01, 4.44595757e+01,
       5.46502380e+01, -2.51720829e+01, 4.58530731e+01, 5.60652542e+01,
       -2.98100471e+01, 4.44496651e+01, 5.47309036e+01, -3.37364464e+01,
       4.06656799e+01, 5.04476814e+01, -2.94274139e+01, 3.80109100e+01,
       5.29227791e+01, -2.42659969e+01, 3.67948227e+01, 5.32540092e+01,
       -1.83814888e+01, 3.81459389e+01, 5.18231316e+01, -2.46127701e+01,
       4.18233604e+01, 5.37832260e+01, 3.11672649e+01, 4.16940536e+01,
       5.48362846e+01, 1.99001999e+01, 4.08010712e+01, 5.25359726e+01,
       2.62337341e+01, 4.43431511e+01, 5.55984116e+01, 3.24521675e+01,
       4.54078064e+01, 5.65005074e+01, 3.75404129e+01, 4.41676292e+01,
       5.38369293e+01, 4.08780479e+01, 4.08971176e+01, 4.85627098e+01,
       3.61457100e+01, 3.74694252e+01, 5.09508286e+01, 3.11008873e+01,
       3.60465202e+01, 5.29663734e+01, 2.52250595e+01, 3.76294975e+01,
       5.28380737e+01, 1.20340977e+01, 2.24188709e+01, 6.18416176e+01,
       3.04316282e+00, 2.14425297e+01, 7.29843445e+01, -6.83576679e+00,
       2.31428032e+01, 6.55187302e+01, -7.75882053e+00, 5.74104452e+00,
       7.00304260e+01, 9.20563042e-01, 1.18478699e+01, 7.77329102e+01,
       1.16126947e+01, 5.79831886e+00, 6.95639420e+01, 2.05011730e+01,
       1.08226061e+01, 5.73636627e+01, 1.58922796e+01, 1.75363827e+00,
       6.10217857e+01, 2.11517191e+00, 5.38044214e-01, 6.77309647e+01,
       -1.00320826e+01, 1.96015096e+00, 6.25308800e+01, -1.47024403e+01,
       1.09082108e+01, 5.98574753e+01, -1.35038681e+01, -2.18194122e+01,
       5.83559608e+01, -9.29416275e+00, -1.40792103e+01, 6.55197220e+01,
       -2.57947564e+00, -1.08469162e+01, 6.79141693e+01, 2.60329723e+00,
       -1.17297659e+01, 6.87222824e+01, 8.17565441e+00, -1.12188549e+01,
       6.77523117e+01, 1.63049679e+01, -1.46520205e+01, 6.38028984e+01,
       2.29873886e+01, -2.31841145e+01, 5.67065086e+01, 1.20797653e+01,
       -1.92918682e+01, 6.32990685e+01, 3.01690030e+00, -1.85956879e+01,
       6.72022171e+01, -5.45668125e+00, -1.86588860e+01, 6.45258255e+01,
       -5.41472769e+00, -1.97268105e+01, 6.36503639e+01, 2.54780269e+00,
       -2.15072346e+01, 6.53865662e+01, 1.16226807e+01, -2.04138241e+01,
       6.28634911e+01, 1.79169674e+01, -2.74448719e+01, 5.94971924e+01,
       1.09875040e+01, -2.91221542e+01, 6.35845566e+01, 2.57345605e+00,
       -2.93464279e+01, 6.54110641e+01, -4.66779232e+00, -2.80546074e+01,
       6.44630737e+01, -1.02617903e+01, -2.57007580e+01, 6.12477760e+01 ]
