%YAML:1.0
---
# Face tracker type: 0(Unknown) 1(ASM) 2(MT)
TrackerType: 1
ImageSize: [ 4096, 2048 ]
# Face feature points in image space. Invalid points have zero coordinates
Point2f: !!opencv-matrix
   rows: 1
   cols: 77
   dt: "2f"
   data: [ 1.57914087e+03, 6.71288879e+02, 1.59194080e+03,
       8.39111145e+02, 1.62891858e+03, 1.00977783e+03, 1.69860754e+03,
       1.19751111e+03, 1.81949634e+03, 1.35395557e+03, 1.92284448e+03,
       1.47057776e+03, 2.06222217e+03, 1.49902222e+03, 2.19022217e+03,
       1.46204443e+03, 2.35994092e+03, 1.33973340e+03, 2.48082983e+03,
       1.22880005e+03, 2.55051855e+03, 1024., 2.58749634e+03,
       8.56177795e+02, 2.60029639e+03, 6.91200012e+02, 2.33244458e+03,
       1.93422226e+02, 2.09066675e+03, 1.45066666e+02, 1.84604443e+03,
       1.90577789e+02, 1.84888892e+03, 5.09155579e+02, 1.72657776e+03,
       5.00622223e+02, 1.62133337e+03, 5.71733337e+02, 1.73226672e+03,
       5.48977783e+02, 1.84320007e+03, 5.60355591e+02, 1.96551111e+03,
       5.68888916e+02, 2.20728906e+03, 5.68888916e+02, 2.31822217e+03,
       5.06311127e+02, 2.42631128e+03, 4.97777802e+02, 2.50880005e+03,
       5.77422241e+02, 2.42062231e+03, 5.51822266e+02, 2.32106665e+03,
       5.60355591e+02, 2.32106665e+03, 6.11555542e+02, 1.82613342e+03,
       6.08711121e+02, 1.92284448e+03, 6.91200012e+02, 1.87448889e+03,
       6.59911133e+02, 1.82613342e+03, 6.45688904e+02, 1.78062231e+03,
       6.57066711e+02, 1.73226672e+03, 6.85511108e+02, 1.77777783e+03,
       7.16799988e+02, 1.82613342e+03, 7.28177795e+02, 1.87448889e+03,
       7.19644470e+02, 1.83182227e+03, 6.76977783e+02, 2.31822217e+03,
       6.82666687e+02, 2.22151123e+03, 6.91200012e+02, 2.27271118e+03,
       6.62755554e+02, 2.32106665e+03, 6.48533325e+02, 2.36088892e+03,
       6.62755554e+02, 2.40355566e+03, 6.91200012e+02, 2.36088892e+03,
       7.19644470e+02, 2.31537793e+03, 7.28177795e+02, 2.26986670e+03,
       7.16799988e+02, 2.15040015e+03, 8.53333374e+02, 2.08213330e+03,
       8.56177795e+02, 2.01102222e+03, 8.59022217e+02, 2.01955566e+03,
       9.89866699e+02, 2.09919995e+03, 9.52888916e+02, 2.15608887e+03,
       9.92711121e+02, 2.20444458e+03, 9.50044495e+02, 2.17315552e+03,
       1.01831116e+03, 2.08782227e+03, 1.04391113e+03, 1.98257788e+03,
       1.01262225e+03, 1.94560010e+03, 9.44355591e+02, 1.88586670e+03,
       1.18897778e+03, 1.97120007e+03, 1.16906665e+03, 2.03662231e+03,
       1.15484448e+03, 2.08497778e+03, 1.16053333e+03, 2.12480005e+03,
       1.15484448e+03, 2.18168896e+03, 1.16906665e+03, 2.23573340e+03,
       1.18897778e+03, 2.15324438e+03, 1.19751111e+03, 2.07928882e+03,
       1.19751111e+03, 1.99395557e+03, 1.19466675e+03, 1.99111121e+03,
       1.22880005e+03, 2.07644458e+03, 1.24871118e+03, 2.15324438e+03,
       1.22880005e+03, 2.19875562e+03, 1.25724451e+03, 2.14755566e+03,
       1.30275562e+03, 2.07644458e+03, 1.31982227e+03, 1.99395557e+03,
       1.30559998e+03, 1.93137781e+03, 1.26008887e+03 ]
# Face feature points in 3d object space. Invalid points have zero coordinates
Point3f: !!opencv-matrix
   rows: 1
   cols: 77
   dt: "3f"
   data: [ -5.34681129e+01, 4.04216576e+01, 3.64799194e+01,
       -5.66826057e+01, 1.68811569e+01, 3.99310875e+01, -5.40439568e+01,
       -6.86347103e+00, 4.18536530e+01, -4.44178925e+01, -3.26592102e+01,
       4.13350677e+01, -2.85491467e+01, -5.42909851e+01, 4.20049057e+01,
       -1.49059992e+01, -6.99459763e+01, 3.86723099e+01, 1.33899689e+00,
       -7.19389191e+01, 2.29932537e+01, 1.85164108e+01, -6.96212769e+01,
       4.56009407e+01, 3.83837852e+01, -5.18628960e+01, 3.81848564e+01,
       5.30392952e+01, -3.60522728e+01, 3.38679161e+01, 6.44213181e+01,
       -8.08274746e+00, 3.58286629e+01, 6.83943481e+01, 1.51133118e+01,
       3.51828346e+01, 6.47214203e+01, 3.81927528e+01, 3.22956810e+01,
       3.01115532e+01, 1.04839478e+02, 4.79320335e+01, 4.20084238e+00,
       1.11460052e+02, 4.82593651e+01, -2.07856483e+01, 1.05181610e+02,
       4.83366699e+01, -2.62125244e+01, 5.97325478e+01, 6.10940819e+01,
       -4.04120331e+01, 6.18563461e+01, 5.33702812e+01, -5.04845848e+01,
       5.33543091e+01, 4.28379669e+01, -4.04805260e+01, 5.50836334e+01,
       5.42820663e+01, -2.66743469e+01, 5.29115105e+01, 5.92084351e+01,
       -1.08341818e+01, 5.13795891e+01, 6.21118164e+01, 2.12697735e+01,
       5.13619461e+01, 6.22555008e+01, 3.65492668e+01, 6.01271935e+01,
       6.10710030e+01, 4.94834671e+01, 6.22101097e+01, 5.36800537e+01,
       5.86256752e+01, 5.22351151e+01, 4.55709877e+01, 4.97588310e+01,
       5.46467056e+01, 5.46494827e+01, 3.65981636e+01, 5.28986397e+01,
       5.93132706e+01, 3.67120476e+01, 4.59196472e+01, 5.87140732e+01,
       -2.92348042e+01, 4.62934570e+01, 5.88606606e+01, -1.53601246e+01,
       3.55306168e+01, 5.39770317e+01, -2.24470844e+01, 3.93726387e+01,
       5.77876358e+01, -2.93683281e+01, 4.12296333e+01, 5.86187897e+01,
       -3.51497307e+01, 3.99409561e+01, 5.63500595e+01, -3.97634811e+01,
       3.67221947e+01, 5.06544380e+01, -3.38669701e+01, 3.23068352e+01,
       5.15133476e+01, -2.79095917e+01, 3.05379295e+01, 5.31557121e+01,
       -2.15659294e+01, 3.16607285e+01, 5.35844231e+01, -2.79174690e+01,
       3.72098503e+01, 5.62558937e+01, 3.53692131e+01, 3.65226402e+01,
       5.54707146e+01, 2.15238438e+01, 3.55394440e+01, 5.39051208e+01,
       2.90507030e+01, 3.91599503e+01, 5.63287773e+01, 3.68340721e+01,
       4.08683739e+01, 5.83699837e+01, 4.23515816e+01, 3.91058731e+01,
       5.67691956e+01, 4.70216026e+01, 3.57172966e+01, 5.24566803e+01,
       4.03291245e+01, 3.18595409e+01, 5.19651833e+01, 3.41249466e+01,
       3.05784302e+01, 5.28259583e+01, 2.76759243e+01, 3.21623116e+01,
       5.26903648e+01, 1.52883406e+01, 1.13957567e+01, 6.86509018e+01,
       5.45078945e+00, 1.00981226e+01, 7.60282364e+01, -5.49126291e+00,
       1.06021471e+01, 6.87322159e+01, -4.22017574e+00, -7.14775276e+00,
       6.65061722e+01, 8.45631981e+00, -3.44483018e+00, 7.78317032e+01,
       1.61631145e+01, -7.52509212e+00, 6.63883514e+01, 2.32884636e+01,
       -1.56282032e+00, 6.56949158e+01, 1.83100300e+01, -1.07077398e+01,
       6.35896034e+01, 6.08714962e+00, -1.48308582e+01, 6.84504242e+01,
       -9.61805439e+00, -1.00966330e+01, 6.49945755e+01, -1.46109791e+01,
       -4.34736520e-01, 6.28894844e+01, -2.29981022e+01, -3.34233322e+01,
       5.71314430e+01, -1.14822283e+01, -3.15083904e+01, 6.38726654e+01,
       -1.78555512e+00, -3.02221050e+01, 6.93518143e+01, 5.87337351e+00,
       -3.11328888e+01, 7.03874969e+01, 1.21310368e+01, -3.02464981e+01,
       6.95505066e+01, 2.00403843e+01, -3.14273529e+01, 6.32126160e+01,
       2.63992271e+01, -3.32487030e+01, 5.57091675e+01, 1.55775633e+01,
       -3.52021790e+01, 6.20458527e+01, 4.68890190e+00, -3.54419746e+01,
       6.39988174e+01, -7.88913870e+00, -3.47300224e+01, 6.13914986e+01,
       -8.42098904e+00, -3.95214996e+01, 6.21225510e+01, 4.39160061e+00,
       -4.27513542e+01, 6.60903320e+01, 1.58781490e+01, -3.96730042e+01,
       6.33564453e+01, 2.17052765e+01, -4.28849907e+01, 5.76056480e+01,
       1.44593296e+01, -4.92759056e+01, 5.85989342e+01, 3.99160933e+00,
       -5.12846222e+01, 5.58125267e+01, -7.68377352e+00, -4.94824448e+01,
       5.70900726e+01, -1.63245411e+01, -4.30390511e+01, 5.56693192e+01 ]
